C:\Users\PC\.jdks\openjdk-23.0.1\bin\java.exe "-javaagent:D:\IntelliJ IDEA 2024.2.4\lib\idea_rt.jar=51657:D:\IntelliJ IDEA 2024.2.4\bin" -Dfile.encoding=UTF-8 -Dsun.stdout.encoding=UTF-8 -Dsun.stderr.encoding=UTF-8 -classpath "C:\Program Files\JAVAOOP\JAVAOOP\src\brocode\src\finalOOP\out\production\finalOOP" hus.oop.statistics.TestStatistics
Data: [2.0 5.0 2.0 8.0 15.0 8.0 2.0 12.0 12.0 10.0 3.0 5.0 1.0 15.0 5.0 17.0 3.0 15.0 19.0 3.0 3.0 20.0 15.0 7.0 4.0 16.0 2.0 2.0 14.0 18.0 17.0 14.0 7.0 18.0 9.0 19.0 20.0 4.0 2.0 16.0 15.0 5.0 4.0 1.0 1.0 8.0]
Sorted: [1.0 1.0 1.0 2.0 2.0 2.0 2.0 2.0 2.0 3.0 3.0 3.0 3.0 4.0 4.0 4.0 5.0 5.0 5.0 5.0 7.0 7.0 8.0 8.0 8.0 9.0 10.0 12.0 12.0 14.0 14.0 15.0 15.0 15.0 15.0 15.0 16.0 16.0 17.0 17.0 18.0 18.0 19.0 19.0 20.0 20.0]
Max: 20.0
Min: 1.0
Mean: 9.195652173913043
Variance: 41.271980676328496
Ranks: [4.0, 17.0, 4.0, 23.0, 32.0, 23.0, 4.0, 28.0, 28.0, 27.0, 10.0, 17.0, 1.0, 32.0, 17.0, 39.0, 10.0, 32.0, 43.0, 10.0, 10.0, 45.0, 32.0, 21.0, 14.0, 37.0, 4.0, 4.0, 30.0, 41.0, 39.0, 30.0, 21.0, 41.0, 26.0, 43.0, 45.0, 14.0, 4.0, 37.0, 32.0, 17.0, 14.0, 1.0, 1.0, 23.0]
Search for 10: -1
Data: [15.0 7.0 16.0 1.0 11.0 15.0 3.0 6.0 4.0 17.0 12.0 8.0 3.0 19.0 7.0 9.0 1.0 3.0 17.0 15.0 12.0 7.0 19.0 18.0 8.0 3.0 19.0 9.0 1.0 20.0 1.0 6.0 13.0 16.0 17.0 8.0 3.0 19.0 15.0 4.0 11.0 13.0 17.0 20.0 10.0 10.0]
Sorted: [1.0 1.0 1.0 1.0 3.0 3.0 3.0 3.0 3.0 4.0 4.0 6.0 6.0 7.0 7.0 7.0 8.0 8.0 8.0 9.0 9.0 10.0 10.0 11.0 11.0 12.0 12.0 13.0 13.0 15.0 15.0 15.0 15.0 16.0 16.0 17.0 17.0 17.0 17.0 18.0 19.0 19.0 19.0 19.0 20.0 20.0]
Max: 20.0
Min: 1.0
Mean: 10.608695652173912
Variance: 37.35458937198069
Ranks: [30.0, 14.0, 34.0, 1.0, 24.0, 30.0, 5.0, 12.0, 10.0, 36.0, 26.0, 17.0, 5.0, 41.0, 14.0, 20.0, 1.0, 5.0, 36.0, 30.0, 26.0, 14.0, 41.0, 40.0, 17.0, 5.0, 41.0, 20.0, 1.0, 45.0, 1.0, 12.0, 28.0, 34.0, 36.0, 17.0, 5.0, 41.0, 30.0, 10.0, 24.0, 28.0, 36.0, 45.0, 22.0, 22.0]
Search for 10: 21

Process finished with exit code 0
